0
0
0
0
0
0
0
0
0
0
0
0
0
0
0
0
0
0
0
0
0
0
0
0
0
0
0
0
0
0
0
0
0
0
0
0
0
0
0
0
0
0
1
2
0
0
0
0
0
0
0
0
0
0
0
0
0
0
0
0
0
0
0
0
0
0
0
0
0
0
0
0
0
0
0
0
0
0
0
0
0
0
0
0
0
0
0
0
0
0
0
0
0
0
0
0
0
0
0
0
0
0
0
0
0
0
0
0
0
0
0
0
0
0
0
0
0
0
0
0
0
0
0
0
0
0
0
0
0
0
0
0
0
0
0
0
0
0
0
0
0
0
0
0
0
0
0
0
0
0
0
0
0
0
0
0
0
0
0
0
0
0
0
0
0
0
0
0
0
0
0
0
0
0
0
0
0
0
0
0
0
0
0
0
0
0
0
0
0
0
0
0
0
0
0
0
0
0
0
0
0
3
4
2
0
0
0
0
0
0
0
0
0
0
0
0
0
0
0
0
0
0
0
0
0
0
0
0
0
0
0
0
0
0
0
0
0
0
0
0
0
0
0
0
0
0
0
0
0
0
0
0
0
0
0
0
0
0
0
0
0
0
0
0
0
0
0
0
0
0
0
0
0
0
0
0
0
0
0
0
0
0
0
0
0
0
0
0
0
0
0
0
0
0
0
0
0
0
0
0
0
0
0
0
0
0
0
0
0
0
0
0
0
0
0
0
0
0
0
0
0
0
0
0
0
0
0
0
0
0
0
0
0
0
0
0
0
0
0
0
0
0
0
0
0
0
0
0
0
0
0
0
0
0
0
0
0
0
0
3
5
6
7
8
0
0
0
0
0
0
0
0
0
0
0
0
0
0
0
0
0
0
0
0
0
0
0
0
0
0
0
0
0
0
0
0
0
0
0
0
0
0
0
0
0
0
0
0
0
0
0
0
0
0
0
0
0
0
0
0
0
0
0
0
0
0
0
0
0
0
0
0
0
0
0
0
0
0
0
0
0
0
0
0
0
0
0
0
0
0
0
0
0
0
0
0
0
0
0
0
0
0
0
0
0
0
0
0
0
0
0
0
0
0
0
0
0
0
0
0
0
0
0
0
0
0
0
0
0
0
0
0
0
0
0
0
0
0
0
0
0
0
0
0
0
0
0
0
0
0
0
0
0
0
0
0
0
0
3
9
a
a
b
0
0
0
0
0
0
0
0
0
0
0
0
0
0
0
0
0
0
0
0
0
0
0
0
0
0
0
0
0
0
0
0
0
0
0
0
0
0
0
0
0
0
0
0
0
0
0
0
0
0
0
0
0
0
0
0
0
0
0
0
0
0
0
0
0
0
0
0
0
0
0
0
0
0
0
0
0
0
0
0
0
0
0
0
0
0
0
0
0
0
0
0
0
0
0
0
0
0
0
0
0
0
0
0
0
0
0
0
0
0
0
0
0
0
0
0
0
0
0
0
0
0
0
0
0
0
0
0
0
0
0
0
0
0
0
0
0
0
0
0
0
0
0
0
0
0
0
0
0
0
0
0
0
0
1
c
9
9
d
e
0
0
0
0
0
0
0
0
0
0
0
0
0
0
0
0
0
0
0
0
0
0
0
0
0
0
0
0
0
0
0
0
0
0
0
0
0
0
0
0
0
0
0
0
0
0
0
0
0
0
0
0
0
0
0
0
0
0
0
0
0
0
0
0
0
0
0
0
0
0
0
0
0
0
0
0
0
0
0
0
0
0
0
0
0
0
0
0
0
0
0
0
0
0
0
0
0
0
0
0
0
0
0
0
0
0
0
0
0
0
0
0
0
0
0
0
0
0
0
0
0
0
0
0
0
0
0
0
0
0
0
0
0
0
0
0
0
0
0
0
0
0
0
0
0
0
0
0
0
0
0
f
10
11
12
13
14
15
0
0
0
0
0
0
0
0
0
0
0
0
0
0
0
0
0
0
0
0
0
0
0
0
0
0
0
0
0
0
0
0
0
0
0
0
0
0
0
0
0
0
0
0
0
0
0
0
0
0
0
0
0
0
0
0
0
0
0
0
0
0
0
0
0
0
0
0
16
17
18
19
f
0
0
0
0
0
0
0
0
0
0
0
0
0
0
0
0
0
0
0
0
0
0
0
0
0
0
0
0
0
0
0
0
0
0
0
0
0
0
0
0
0
0
0
0
0
0
0
0
0
0
0
0
0
0
0
0
0
0
0
0
0
0
0
0
0
0
0
0
0
0
0
0
0
0
0
0
0
0
0
1a
1b
1c
1d
1e
1f
20
0
0
0
0
0
0
0
0
0
0
0
0
0
0
0
0
0
0
0
0
0
0
0
0
0
0
0
0
0
0
0
0
0
0
0
0
0
0
0
0
0
0
0
0
0
0
0
0
0
0
0
0
0
0
0
0
0
0
0
0
0
0
0
0
0
0
0
0
16
21
22
23
24
25
0
0
0
0
0
0
0
0
0
0
0
0
0
0
0
0
0
0
0
0
0
0
0
0
0
0
0
0
0
0
0
0
0
0
0
0
0
0
0
0
0
0
0
0
0
0
0
0
0
0
0
0
0
0
0
0
0
0
0
0
0
0
0
0
0
0
0
0
0
0
0
0
0
0
0
26
27
f
f
28
1b
1c
29
2a
2b
2c
0
0
0
0
0
0
0
0
0
0
0
0
0
0
0
0
0
0
0
0
0
0
0
0
0
0
0
0
0
0
0
0
0
0
0
0
0
0
0
0
0
0
0
0
0
0
0
0
0
0
0
0
0
0
0
0
0
0
0
0
0
0
0
0
0
0
0
0
2d
2e
2f
30
31
32
f
0
0
0
0
0
0
0
0
0
0
0
0
0
0
0
0
0
0
0
0
0
0
0
0
0
0
0
0
0
0
0
0
0
0
0
0
0
0
0
0
0
0
0
0
0
0
0
0
0
0
0
0
0
0
0
0
0
0
0
0
0
0
0
0
0
0
0
0
0
0
0
0
0
0
0
33
34
35
36
37
38
39
39
3a
3b
0
0
0
0
0
0
0
0
0
0
0
0
0
0
0
0
0
0
0
0
0
0
0
0
0
0
0
0
0
0
0
0
0
0
0
0
0
0
0
0
0
0
0
0
0
0
0
0
0
0
0
0
0
0
0
0
0
0
0
0
0
0
0
0
0
0
0
0
3c
3d
3e
3f
40
40
41
0
0
0
0
0
0
0
0
0
0
0
0
0
0
0
0
0
0
0
0
0
0
0
0
0
0
0
0
0
0
0
0
0
0
0
0
0
0
0
0
0
0
0
0
0
0
0
0
0
0
0
0
0
0
0
0
0
0
0
0
0
0
0
0
0
0
0
0
0
0
0
42
0
0
0
43
34
44
45
46
47
39
39
3a
e
0
0
0
0
0
0
0
0
0
0
0
0
0
0
0
0
0
0
0
0
0
0
0
0
0
0
0
0
0
0
0
0
0
0
0
0
0
0
0
0
0
0
0
0
0
0
0
0
0
0
0
0
0
0
0
0
0
0
0
0
0
0
0
0
0
0
0
0
48
3d
3e
3f
40
40
49
0
0
0
0
0
0
0
0
0
0
0
0
0
0
0
0
0
0
0
0
0
0
0
0
0
0
0
0
0
0
0
0
0
0
0
0
0
0
0
0
0
0
0
0
0
0
0
0
0
0
0
0
0
0
0
0
0
0
0
0
0
0
0
0
0
0
0
0
0
0
4a
4b
0
0
0
4c
4d
4e
4f
50
51
52
53
54
e
0
0
0
0
0
0
0
0
0
0
0
0
0
0
0
0
0
0
0
0
0
0
0
0
0
0
0
0
0
0
0
0
0
0
0
0
0
0
0
0
0
0
0
0
0
0
0
0
0
0
0
0
0
0
0
0
0
0
0
0
0
0
0
0
0
0
0
0
55
56
57
58
58
59
5a
0
0
0
0
0
0
0
0
0
0
0
0
0
0
0
0
0
0
0
0
0
0
0
0
0
0
0
0
0
0
0
0
0
0
0
0
0
0
0
0
0
0
0
0
0
0
0
0
0
0
0
0
0
0
0
0
0
0
0
0
0
0
0
0
0
0
0
0
0
0
5b
5c
5d
5e
5f
60
61
62
63
64
65
66
66
67
68
0
0
0
0
0
0
0
0
0
0
0
0
0
0
0
0
0
0
0
0
0
0
3
0
0
0
0
0
0
0
0
0
0
0
0
0
0
0
0
0
0
0
0
0
0
0
0
0
0
0
0
0
0
0
0
0
0
0
0
0
0
0
0
0
0
0
0
69
6a
6b
6c
6d
6d
59
6e
6f
0
0
0
0
0
0
0
0
0
0
0
0
0
0
0
0
0
0
0
0
0
0
0
0
0
0
0
0
0
0
0
0
0
0
0
0
0
0
0
0
0
0
0
0
0
0
0
0
0
0
0
0
0
0
0
0
0
0
0
0
0
0
0
0
0
0
0
0
0
5b
5c
5c
70
71
71
72
73
73
74
75
76
76
77
68
0
0
0
0
0
0
0
0
0
0
0
0
0
0
0
0
0
0
0
0
0
0
78
79
0
0
0
0
0
0
0
0
0
0
0
0
0
0
0
0
0
0
0
0
0
0
0
0
0
0
0
0
0
0
0
0
0
0
0
0
0
0
0
0
0
0
0
7a
7b
7c
7d
7e
7f
7f
80
81
82
0
0
0
0
0
0
0
0
0
0
0
0
0
0
0
0
0
0
0
0
0
0
0
0
0
0
0
0
0
0
0
0
0
0
0
0
0
0
0
0
0
0
0
0
0
0
0
0
0
0
0
0
0
0
0
0
0
0
0
0
0
83
0
0
0
0
0
1
84
85
86
87
88
88
89
73
73
8a
8b
8c
8d
8e
8f
90
91
0
0
1
0
0
0
0
0
0
0
0
0
0
0
0
0
0
0
0
0
92
93
94
95
0
0
0
0
0
0
0
0
0
0
0
0
0
0
0
0
0
0
0
0
0
0
0
0
0
0
0
0
0
0
0
0
0
0
0
0
0
0
0
0
96
97
98
6b
99
9a
9b
9b
9c
9d
9e
0
0
0
0
0
0
0
0
0
0
0
0
0
0
0
0
0
0
0
0
0
0
0
0
0
0
0
0
0
0
0
0
0
0
0
0
0
0
0
0
0
0
0
0
0
0
0
0
0
0
0
0
0
0
0
0
0
0
0
0
0
9f
a0
a1
a2
a2
a3
a4
a5
a6
a6
a7
a8
a9
aa
30
30
8c
9c
ab
ac
98
ad
ad
ae
af
b0
b1
0
0
0
0
0
0
0
0
0
0
0
0
0
0
0
0
3
b2
b3
b4
b5
3
0
0
0
0
0
0
0
0
0
0
0
0
0
0
0
0
0
0
0
0
0
0
0
0
0
0
0
0
0
0
b6
b7
b8
b9
ba
bb
0
0
bc
bd
be
bf
c0
c1
c1
c2
c3
c3
c4
c5
c6
0
0
0
0
0
0
0
0
0
0
0
0
0
0
0
0
0
0
0
0
0
0
0
0
0
0
0
0
0
0
0
0
0
0
0
0
0
0
0
0
0
0
0
0
0
0
0
0
0
0
0
0
0
0
0
0
0
0
0
0
0
0
c7
c8
c9
a3
a4
ca
cb
cb
cc
cd
ce
cf
d0
d1
d2
8c
8c
8c
98
d3
d3
d4
d5
d6
d7
0
0
0
0
0
0
0
0
0
0
0
0
0
0
0
0
d8
d9
da
db
dc
dd
0
0
0
0
0
0
0
0
0
0
0
0
0
0
0
0
0
0
0
0
0
0
0
0
0
0
0
0
0
0
de
df
df
e0
e1
e2
e3
e4
e5
e6
e7
3d
3d
e8
e9
c2
c3
ea
eb
ec
ed
91
0
0
0
0
0
0
0
0
0
0
0
0
0
0
0
0
0
0
0
0
0
0
0
0
0
0
0
0
0
0
0
0
0
0
0
0
0
0
0
0
0
0
0
0
0
0
0
0
0
0
0
0
0
0
0
0
0
0
0
0
0
0
8
ee
ef
0
0
f0
f1
f2
f3
f3
f4
cf
f5
f6
f7
f7
f8
65
f9
f9
fa
f5
fb
fc
fd
0
0
0
0
0
0
0
0
0
0
0
0
0
0
0
fe
ff
100
101
102
103
104
0
0
0
0
0
0
0
0
0
0
0
0
0
0
0
0
0
0
0
0
0
0
0
0
0
0
0
105
106
107
108
109
e5
10a
10a
e6
10b
10c
10c
10d
10e
10f
110
111
112
113
114
115
116
116
117
118
0
0
0
0
0
0
0
0
0
0
0
0
0
0
0
0
0
0
0
0
0
0
0
0
0
0
0
0
0
0
0
0
0
119
11a
0
0
0
0
0
0
0
0
0
0
0
0
0
0
0
0
0
0
0
0
0
0
0
0
0
0
0
0
0
0
0
11b
11c
11d
11e
11e
11f
120
121
122
112
112
123
eb
122
122
124
125
126
127
127
128
0
0
0
0
0
0
0
0
0
0
0
0
0
0
129
12a
12b
12c
12c
103
12d
12e
0
0
0
0
0
0
0
0
0
0
0
0
0
0
0
0
0
0
0
0
0
0
0
0
0
0
12f
130
131
132
133
134
121
102
e6
135
65
65
110
111
bf
bf
136
137
136
112
138
138
102
139
13a
13b
0
0
0
0
0
0
0
0
0
0
0
0
0
0
0
0
0
0
0
0
0
0
0
0
0
0
0
0
0
0
0
13c
13d
13d
0
0
0
0
0
0
0
0
0
0
0
0
0
0
0
0
0
0
0
3
0
0
0
0
0
0
0
0
0
0
0
13e
13f
140
141
141
142
143
144
db
102
102
10a
12c
145
145
146
10b
10b
147
148
149
0
0
0
0
0
0
0
0
0
0
0
0
0
0
0
14a
14b
101
101
14c
14d
14e
0
0
0
0
0
0
0
0
0
0
0
0
0
0
0
0
0
0
0
0
0
0
0
0
0
0
14f
150
151
152
db
153
154
121
121
10b
e6
155
135
155
156
157
158
d3
d3
159
146
154
15a
15b
15c
15d
0
0
0
0
0
0
0
0
0
0
0
0
0
0
0
0
0
0
0
0
0
0
0
0
0
0
0
0
0
0
15e
15f
160
160
161
162
163
164
165
0
0
0
0
0
0
0
0
0
0
0
0
0
0
0
0
0
0
0
0
0
0
0
0
0
166
167
168
169
16a
16a
16b
16c
125
125
16d
16d
124
e6
e6
102
155
16d
16d
16e
16f
170
16
0
0
0
0
0
0
0
0
0
0
0
0
0
0
171
14c
16c
16c
e6
15a
172
173
0
0
0
0
0
0
0
0
0
0
0
0
0
0
0
0
0
0
0
0
0
0
0
0
0
174
175
176
177
125
125
f5
75
178
178
16d
f6
16d
f6
10c
179
17a
8e
8e
65
aa
aa
102
10a
17b
17b
0
0
0
0
0
0
0
0
0
0
0
0
0
0
0
0
0
0
0
0
0
0
0
0
0
0
0
0
0
17c
17d
17d
160
160
17e
17f
180
181
182
0
0
0
0
0
0
0
0
0
0
0
0
0
0
0
0
0
0
0
0
0
0
0
0
0
183
184
184
185
186
186
187
188
100
189
101
153
db
18a
18a
14c
14c
101
d4
15a
18b
18c
18d
0
0
0
0
0
0
0
0
0
0
0
0
0
3
18e
18f
190
cf
cf
191
191
192
0
0
0
0
0
0
0
0
0
0
0
0
0
0
0
0
0
0
0
0
0
0
0
0
0
0
193
194
195
172
172
d4
125
125
12c
146
120
196
16c
196
196
89
102
10a
197
153
16c
db
198
199
19a
0
0
0
0
0
0
0
0
0
0
0
0
0
0
0
0
0
0
0
0
0
0
0
0
0
0
0
0
19b
19c
19d
19e
19f
1a0
1a1
1a2
1a2
1a3
1a4
0
0
0
0
0
0
0
0
0
0
0
0
0
0
0
0
0
0
0
0
0
0
0
0
1a5
1a6
1a7
1a8
1a9
1aa
1ab
1ac
1ad
135
154
102
102
89
89
1ae
89
12c
12c
e6
102
da
1af
1b0
0
0
0
0
0
0
0
0
0
0
0
0
0
1b1
1b2
1b3
154
1ae
16c
1b4
db
1b5
0
0
0
0
0
0
0
0
0
0
0
0
0
0
0
0
0
0
0
0
0
0
0
0
0
0
e
1b6
154
12c
1b7
f5
156
115
f6
155
157
155
102
155
156
157
aa
124
158
155
158
196
16c
1b8
1b9
0
0
0
0
0
0
0
0
0
0
0
0
0
0
0
0
0
0
0
0
0
0
0
0
1ba
1bb
1bb
1bc
1bd
1be
1bf
1bf
1c0
1c1
1c2
1c3
1c4
1c5
0
0
0
0
0
0
0
0
0
0
0
0
0
0
0
0
0
0
0
0
0
0
0
1c6
1c7
1c8
1c9
1ca
1cb
1cb
1cc
1cd
1ce
1cf
135
153
1d0
1d0
1d1
1d2
1d2
1d3
1d3
1d2
1d1
1d4
1d5
1d6
1d7
0
0
0
0
0
0
0
0
0
0
0
0
0
1d8
1d9
1da
1da
1db
1dc
1dd
1dd
1de
1df
0
0
0
0
0
0
0
0
0
0
0
0
0
0
0
0
0
0
0
0
0
0
0
0
0
e
1e0
154
154
1e1
1e1
191
1e2
18f
18f
18f
1d1
1e3
18f
1e4
1e4
1e1
1e1
18b
1e5
14d
1e1
153
1e6
1e7
0
0
0
0
0
0
0
0
0
0
0
0
0
0
0
0
0
0
0
0
0
1
1e8
1e9
1ea
1eb
1ec
1ed
1ee
1ef
1bf
1bf
1f0
1c2
1f1
1f2
1f3
3
0
0
0
0
0
0
0
0
0
0
0
0
0
0
0
0
0
0
0
0
0
0
0
1f4
1f5
1f6
1f7
1f8
1f9
1fa
1f9
1fa
1fb
1fc
1fd
1fe
1ff
200
200
201
201
201
200
200
1de
1ff
201
202
203
0
0
0
0
0
0
0
0
0
0
0
0
0
204
200
205
205
200
200
205
205
205
206
0
0
0
0
0
0
0
0
0
0
0
0
0
0
0
0
0
0
0
0
0
0
0
0
0
207
208
1d4
14e
14e
14e
1d4
1d4
1ff
1ff
1ff
1de
1de
209
1d4
1d4
1d4
209
14e
1de
1d4
1d4
20a
20b
3
0
0
0
0
0
0
0
0
0
0
0
0
0
0
0
0
0
0
0
0
0
20c
20d
20e
20f
1f9
1a1
1ed
210
211
212
213
1f0
214
1f1
215
216
0
0
0
0
0
0
0
0
0
0
0
0
0
0
0
0
0
0
0
0
0
0
0
0
217
218
219
1f6
21a
21b
1fa
21c
1fb
21d
21e
21f
220
1da
1da
1d0
14e
14e
14e
14e
1d4
221
1d0
1de
222
223
0
0
0
0
0
0
0
0
0
0
0
0
224
ce
225
1ff
1ff
209
225
1de
1de
1de
226
0
0
0
0
0
0
0
0
0
0
0
0
0
0
0
0
0
0
0
0
0
0
0
0
227
228
229
1dd
22a
1da
22a
1da
1da
225
1d0
1d0
1d5
1d5
1dc
22b
1dc
1dc
22b
1dd
1dd
1d2
1db
22c
e
0
0
0
0
0
0
0
0
0
0
0
0
0
0
0
0
0
0
3
174
22d
22e
22f
230
231
232
213
1fa
233
233
234
235
236
213
237
238
239
1
0
0
0
0
0
0
0
0
0
0
0
0
0
0
0
0
0
0
0
23a
23b
0
0
23c
23d
23e
21c
23f
21a
21a
240
241
1cc
236
242
243
244
245
1dc
1d4
201
201
201
201
200
209
1d4
201
246
247
0
0
0
0
0
0
0
0
0
0
0
248
249
24a
1de
24b
24b
201
1ff
200
200
200
24c
bb
0
0
0
0
0
0
0
0
0
0
0
0
0
0
0
0
0
0
0
0
0
24d
24e
24e
24f
1de
1de
225
225
1d0
1d5
1d5
14e
14e
209
1d4
1d4
221
221
221
221
221
225
250
251
252
0
0
0
0
0
0
0
0
0
0
0
0
0
0
0
0
0
0
16
253
254
255
256
257
6d
6d
258
259
25a
241
241
21a
1fb
1fb
1a2
236
25b
25c
1ba
0
0
0
0
0
0
0
0
0
0
0
0
0
0
0
0
0
0
0
0
1b1
25d
ee
ee
1e4
25e
25f
21c
260
241
240
21a
21a
21a
261
262
263
263
264
172
143
1e2
1e2
1e2
191
191
265
265
1e1
246
246
0
0
0
0
0
0
0
0
0
0
0
266
267
268
269
18f
18f
26a
26a
191
1e2
1e2
26b
26c
0
0
0
0
0
0
0
0
0
0
0
0
0
0
0
0
0
0
0
0
0
26d
24e
24e
26e
26f
26f
144
270
270
270
270
da
271
271
271
271
da
189
15b
15b
da
14b
14b
272
0
0
0
0
0
0
0
0
0
0
0
0
0
0
0
0
0
273
274
275
276
277
255
256
257
278
278
213
213
279
241
241
241
1fb
1fb
1a2
27a
27b
f
0
0
0
0
0
0
0
0
0
0
0
0
0
0
0
0
0
0
0
0
27c
27d
27e
27f
280
281
282
283
284
285
241
241
286
287
21a
288
289
28a
28b
28c
172
270
271
18f
18f
18f
14d
da
da
1e1
28d
28d
0
0
0
0
0
0
0
0
0
0
1
28e
28f
290
1e2
18f
14d
18f
1e1
1d1
1d1
1e2
291
292
0
0
0
0
0
0
0
0
0
0
0
0
0
0
0
0
0
0
0
0
293
294
295
195
14d
1d1
18f
296
269
269
269
271
191
191
26f
26f
26f
144
296
296
144
144
296
152
297
0
0
0
0
0
0
0
0
0
0
0
0
0
0
0
0
0
298
299
29a
29b
1c3
1a2
1a2
21d
278
278
213
29c
233
233
29d
29d
29e
1c3
29f
2a0
82
0
0
0
0
0
0
0
0
0
0
0
0
0
0
0
0
0
0
0
0
0
2a1
2a2
2a3
2a4
2a5
2a6
2a7
283
2a8
258
1f0
21c
29d
236
1c3
58
1a2
2a9
2a9
2aa
2ab
2ac
205
201
201
205
205
22b
1d0
200
2ad
2ad
0
0
0
0
0
0
0
0
0
0
2ae
2af
14d
205
205
205
24b
24b
201
205
205
1de
1de
205
0
0
0
0
0
0
0
0
0
0
0
0
0
0
0
0
0
0
0
2b0
2b1
22b
22b
201
205
201
201
221
221
1d5
221
221
2b2
205
205
1ff
200
1d0
225
1d5
221
1d5
1ff
2b3
2b4
2b5
0
0
0
0
0
0
0
0
0
0
0
0
0
0
0
2b6
2b7
2b8
2b9
2ba
1a2
2bb
261
21d
2bc
258
258
29c
233
233
2bd
1c3
2be
2bf
0
0
0
0
0
0
0
0
0
0
0
0
0
0
0
0
0
0
0
0
0
0
0
1
2c0
2c1
2a3
2c2
2a5
2a6
2c3
282
2c4
58
1fb
21c
29d
236
1c3
58
29c
2c5
2c5
2aa
2ab
2ac
205
201
201
205
205
22b
1d0
200
2ad
2ad
0
0
0
0
0
0
0
0
0
3
2c6
2af
14d
205
205
205
24b
24b
201
205
205
1de
1de
205
0
0
0
0
0
0
0
0
0
0
0
0
0
0
0
0
0
0
0
2c7
2c8
22b
22b
201
205
201
201
221
221
1d5
221
221
2b2
205
205
1ff
200
1d0
225
1d5
221
1d5
1ff
1de
2b4
2c9
0
0
0
0
0
0
0
0
0
0
0
0
0
0
2ca
2cb
2cc
2cd
236
2ba
1fb
1fb
29c
21d
1a2
258
258
261
2ce
25a
2cf
21d
2d0
2d1
0
0
0
0
0
0
0
0
0
0
0
0
0
0
0
0
0
0
0
0
3
2d2
2d3
2d4
2d5
2d6
240
240
2d7
25a
29d
2d8
261
261
1fa
1fa
1fa
236
1f0
2d9
2da
2db
2db
2dc
2dd
2dd
200
201
201
201
200
221
1de
205
245
245
0
0
0
0
0
0
0
0
3
2de
2df
14e
14e
205
205
205
205
205
205
201
200
1de
1de
1de
0
0
0
0
0
0
0
0
0
0
0
0
0
0
0
0
0
0
2e0
d4
22b
1dd
1de
200
201
200
201
14e
225
225
1d0
1de
1ff
1ff
201
200
1de
221
1de
22a
1da
221
200
201
2e1
2e1
2e2
0
0
0
0
0
0
0
0
0
0
0
2e3
2e4
2e5
2e6
2e7
2e8
2d7
2d7
25a
2e9
1fb
2ea
2ea
1a2
58
1cb
2eb
25a
1ed
2ec
2ed
2ee
0
0
0
0
0
0
0
0
0
0
0
0
0
0
0
0
0
0
0
0
2ef
2f0
2d3
2d4
2d5
2f1
2f2
2f2
2d8
25a
29d
2f3
261
261
1fa
1fa
1fa
236
1f0
2f4
2f5
2db
2db
2dc
2dd
2dd
200
201
201
201
200
221
1d0
205
245
245
0
0
0
0
0
0
0
0
e
2de
2f6
1d5
1de
205
205
205
205
205
205
201
200
1de
1de
1de
0
0
0
0
0
0
0
0
0
0
0
0
0
0
0
0
0
23a
2e0
d4
22b
1dd
221
200
201
200
201
1d5
225
225
1d0
1de
1ff
1ff
201
200
1de
221
221
22a
1da
1de
200
201
2e1
2e1
2f7
0
0
0
0
0
0
0
0
0
0
2f8
2e3
2e4
2f9
2fa
2e7
2e8
2ce
2ce
2fb
2b9
1fb
2ea
2ea
2ba
2ba
1cb
2fc
2fd
2fe
2ff
2ed
2ee
0
0
0
0
0
0
0
0
0
0
0
0
0
0
0
0
0
0
0
0
300
301
302
303
304
305
306
307
308
309
30a
30b
1a2
1a2
21d
1c3
21d
21a
30c
30d
30e
0
0
30f
310
311
312
2b2
2b2
24b
24b
14e
1de
2b2
313
314
0
0
0
0
0
0
0
0
315
315
1d3
1de
1de
2b2
2b2
2b2
2b2
2b2
2b2
24b
24b
205
316
314
0
0
0
0
0
0
0
0
0
0
0
0
0
0
0
0
317
318
1d9
22a
1d4
1ff
1de
24b
2b2
24b
24b
1de
1ff
1de
1de
1de
24b
24b
24b
24b
205
1de
1de
1d4
14e
1de
24b
24b
1de
221
319
0
0
0
0
0
0
0
0
0
31a
31b
31c
31d
31e
31f
261
21d
236
236
307
2f2
320
321
321
1cb
1cb
21d
322
322
323
324
325
8
0
0
0
0
0
0
0
0
0
0
0
0
0
0
0
0
0
0
0
0
300
326
21c
1fb
21d
1a2
2ea
2ea
258
327
1f0
29c
29c
29c
21d
1c3
21d
21a
21b
328
329
0
0
0
32a
32b
32c
1ff
200
201
201
1d0
1d0
200
2b3
32d
c7
0
0
0
0
0
0
32e
32f
32f
14e
225
1dd
1de
1ff
200
200
200
200
24b
24b
2b3
330
331
0
0
0
0
0
0
0
0
0
0
0
0
0
0
0
332
333
334
24b
209
1d4
225
1d0
24b
24b
201
205
225
225
225
1dd
1dd
335
336
336
337
338
26f
221
1d5
1d0
1d0
201
201
1d5
225
339
0
0
0
0
0
0
165
33a
33b
33c
33d
33d
236
33e
33f
261
2ea
1f0
236
2d7
29d
2d8
233
1fb
2e6
340
341
f
0
0
0
0
0
0
0
0
0
0
0
0
0
0
0
0
0
0
0
0
0
0
0
0
1
342
342
343
1fb
1a2
2ea
58
58
258
327
1fa
1fa
1cb
1cb
1fa
1a2
344
345
346
347
348
0
0
0
349
34a
32c
1ff
200
201
201
1d0
1d0
200
2b3
32d
34b
0
0
0
0
0
0
34c
32f
32f
14e
225
1dd
1de
1ff
200
200
200
200
24b
24b
2b3
34d
0
0
0
0
0
0
0
0
0
0
0
0
0
0
0
0
34e
333
221
24b
209
209
225
1d0
24b
24b
201
205
225
225
225
1dd
1dd
335
336
336
337
34f
26f
221
1d0
1d0
1d0
201
201
1d5
225
350
0
0
0
0
0
0
351
352
353
354
355
33d
236
356
357
1fb
21d
21d
213
29d
2d8
240
25a
358
359
359
35a
0
0
0
0
0
0
0
0
0
0
0
0
0
0
0
0
0
0
0
0
0
0
0
0
2ca
35b
1fa
1fa
2ea
21d
29c
1a2
2bc
2bc
35c
27a
2bc
1fb
261
261
261
261
1fb
35d
35e
35f
360
0
0
0
0
361
362
363
1de
2b2
24b
1d4
14e
24b
24b
24b
364
0
0
0
0
0
365
366
200
24b
24b
1de
1de
367
367
367
367
2b2
367
200
368
369
0
0
0
0
0
0
0
0
0
0
0
0
0
0
0
0
174
36a
1de
24b
2b2
1de
1ff
200
200
367
2b2
367
2b2
14e
32d
36b
36c
36d
36e
36f
370
371
372
373
14e
1de
1de
1ff
367
367
1de
14e
374
375
0
0
0
0
376
377
378
379
37a
37b
37c
2d8
37d
233
1fb
261
261
1a2
37e
25a
37f
233
380
c7
0
0
0
0
0
0
0
0
0
0
0
0
0
0
0
0
0
0
0
0
0
0
0
0
0
381
382
213
2ea
2ea
1cb
2ea
58
58
58
327
383
258
2bc
2bc
327
58
1a1
1fa
21c
2eb
384
385
386
0
0
0
0
387
388
389
389
38a
38a
24b
24b
38a
38a
38a
38b
0
0
0
0
38c
38c
316
38a
38a
38a
24b
24b
367
367
38a
38a
38a
38d
38e
38f
390
0
0
0
0
0
0
0
0
0
0
0
0
0
0
0
391
392
205
24b
38a
38a
2b2
24b
24b
24b
38a
38a
38a
393
394
395
396
397
398
0
0
0
0
399
39a
39b
24b
24b
24b
38a
39c
24b
24b
39d
39e
0
0
39f
3a0
3a1
3a2
1f9
1a1
1f9
3a3
3a4
25a
25a
3a5
344
1c3
59
1c3
21a
3a6
3a7
3a8
3a9
0
0
0
0
0
0
0
0
0
0
0
0
0
0
0
0
0
0
0
0
0
0
0
0
0
0
3aa
382
1a2
2ea
2ea
1fb
2ea
58
1f0
6d
278
383
258
2bc
2bc
1c3
1c3
1cb
1cb
1fb
3ab
3ac
3ac
3ad
0
0
0
0
0
3ae
389
389
38a
38a
24b
24b
38a
38a
38a
3af
0
0
0
1
38c
38c
316
38a
38a
38a
24b
24b
38a
38a
38a
38a
38a
38d
3b0
3b1
0
0
0
0
0
0
0
0
0
0
0
0
0
0
0
0
3b2
3b3
205
24b
38a
38a
2b2
24b
2b2
2b2
38a
38a
38a
3b4
394
3b5
3b6
3b7
f
0
0
0
0
3b8
3b9
3ba
24b
24b
24b
38a
39c
24b
24b
39d
3bb
2d
2d
3bc
3bd
3be
3bf
1a2
29c
261
233
25a
25a
25a
321
1f9
1c3
21c
21c
2d7
3c0
3c1
3c2
3c3
0
0
0
0
0
0
0
0
0
0
0
0
0
0
0
0
0
0
0
0
0
0
0
0
0
0
91
3c4
29f
2ea
29c
29c
29c
1c3
278
27a
327
1c3
327
258
58
2e9
1cb
1f7
1ed
234
3c5
3c6
3c7
f
0
0
0
0
0
3c8
3c9
3ca
3cb
18b
1e1
1e2
1e3
1e3
1e3
3cc
0
0
0
3cd
245
1dc
3ce
1e2
1e3
1e3
1e2
1e2
18b
18b
18b
3cf
3d0
3d1
3d2
0
0
0
0
0
0
0
0
0
0
0
0
0
0
0
0
16
3d3
3d4
26a
191
1e3
1e3
1e1
1e1
1e1
191
1e3
1e1
3d5
3d6
3d7
3d8
3c3
0
0
0
0
0
0
16
3d9
3da
14c
1e2
1e1
18b
18b
1e2
26f
3db
3dc
3dc
3dd
261
213
3de
3df
3e0
3e1
3e2
29d
25a
25a
3e3
3e4
3e5
3e6
2d8
2d8
240
2d7
3e7
3e8
ef
0
0
0
0
0
0
0
0
0
0
0
0
0
0
0
0
0
0
0
0
0
0
0
0
0
0
0
3e9
58
2ea
29c
1f9
1fb
236
58
21d
58
258
258
1f0
2ea
234
3ea
2d7
3eb
33f
3ec
273
0
0
0
0
0
0
0
0
3ed
3ee
3ef
125
f5
f5
197
146
153
3f0
3f1
3f1
3f2
3f3
18a
18a
3f4
153
146
89
12c
12c
197
146
3f5
3f6
3f7
0
0
0
0
0
0
0
0
0
0
0
0
0
0
0
0
0
0
3f8
10e
153
154
120
12c
12c
120
120
89
196
196
3f9
3fa
3fb
3fc
0
0
0
0
0
0
0
0
0
3fd
3fe
120
120
196
196
125
12c
154
3ff
400
401
213
1c3
1c3
213
2d8
2d8
241
3e1
402
2d8
2d7
25a
403
403
240
29d
29d
241
29d
404
405
406
0
0
0
0
0
0
0
0
0
0
0
0
0
0
0
0
0
0
0
0
0
0
0
0
0
0
407
3e9
1f0
2ea
1fb
1f9
258
29c
21d
35c
408
327
2bc
2ea
2ea
409
25a
25a
25a
21a
40a
f
0
0
0
0
0
0
0
0
40b
40c
40d
da
100
270
26f
26f
143
40e
40f
410
411
412
18b
18f
1e1
1e4
143
15b
270
15b
143
1e4
413
414
0
0
0
0
0
0
0
0
0
0
0
0
0
0
0
0
0
0
0
415
190
296
14b
144
270
143
270
270
15b
270
269
416
417
418
1
0
0
0
0
0
0
0
0
0
419
41a
144
120
120
15b
143
15b
144
41b
41c
41d
213
21c
236
21d
3e2
241
241
241
41e
41f
2d7
29e
2b8
2b8
25a
29d
29d
241
233
420
421
422
0
0
0
0
0
0
0
0
0
0
0
0
0
0
0
0
0
0
0
0
0
0
0
0
0
91
423
327
1f0
29c
1cc
258
236
2bc
408
27a
27a
408
327
213
213
308
25a
25a
25a
2d8
424
f
0
0
0
0
0
0
0
0
0
425
426
198
198
da
1e4
1e4
143
270
427
428
429
296
144
270
269
269
143
271
189
15b
42a
42b
42c
0
0
0
0
0
0
0
0
0
0
0
0
0
0
0
0
0
0
0
42d
42e
190
189
15b
189
143
1e4
da
da
189
dc
42f
430
431
0
0
0
0
0
0
0
0
0
0
0
432
433
265
da
da
da
143
15b
189
434
435
435
7e
27a
27a
6d
327
327
327
408
408
261
1fb
1fb
236
436
25a
308
308
21a
1a2
437
438
439
0
0
0
0
0
0
0
0
0
0
0
0
0
0
0
0
0
0
0
0
0
0
0
0
0
43a
43b
2bc
258
3e2
3e2
236
261
2bc
278
278
278
278
58
1c3
213
2d8
2d8
3eb
3eb
29d
43c
300
0
0
35a
43d
0
0
0
0
0
43e
43f
1da
1da
1d0
205
205
200
200
440
2af
441
1dc
225
205
200
200
200
200
209
442
443
444
0
0
0
0
0
0
0
0
0
0
0
0
0
0
0
0
0
0
0
0
445
446
18f
225
1de
221
201
205
221
221
1d5
447
447
448
449
0
0
0
0
0
0
0
0
0
0
0
44a
44b
22a
22a
209
24b
24b
1d5
1d5
44c
44d
44d
35c
2ea
2ea
59
2ea
2ea
21d
408
408
261
261
236
236
356
44e
2ce
35d
21a
44f
450
451
452
0
0
0
0
0
0
0
0
0
0
0
0
0
0
0
0
0
0
0
0
0
0
0
0
0
43a
6d
1c3
1fb
2eb
2eb
1c3
21d
29c
258
2bc
35c
6d
1f0
1c3
236
25a
233
241
25a
2d8
453
454
0
0
455
456
0
0
0
0
0
1
457
1d1
14d
1de
2b2
24b
24b
2b2
14e
1d0
225
1ff
1ff
2b2
24b
24b
24b
2b2
458
459
45a
0
0
0
0
0
0
0
0
0
0
0
0
0
0
0
0
0
0
0
0
0
45b
221
14e
1de
1de
1de
2b2
2b2
1de
14e
45c
45d
45e
45f
0
0
0
0
0
0
0
0
0
0
0
0
460
461
1d4
1d4
1de
2b2
2b2
1de
1de
462
463
464
408
44f
6d
59
465
29f
27a
58
21d
408
1c3
1fb
1cb
3a2
356
211
466
467
468
469
46a
0
0
0
0
0
0
0
0
0
0
0
0
0
0
0
0
0
0
0
0
0
0
0
0
0
0
46b
2e9
1f9
1fa
46c
46d
46d
21d
29c
2e9
1c3
2ea
1fb
213
21c
213
2d7
2d7
2d7
233
240
344
1a2
0
0
46e
46f
470
471
472
473
0
0
474
475
3f4
3d4
26a
26a
26a
271
143
143
143
269
271
26f
26f
26a
26a
476
477
478
0
0
0
0
0
0
0
0
0
0
0
0
0
0
0
0
0
0
0
0
0
479
47a
14c
269
271
269
271
26f
26f
296
14b
47b
47c
273
0
0
0
0
0
0
0
0
0
0
0
0
0
47d
47d
154
271
271
26f
26f
269
143
47e
47f
480
1a1
344
1cb
1cb
1cb
327
2ea
1a2
1a2
2ba
481
236
482
2d7
483
484
485
486
487
0
0
0
0
0
0
0
0
0
0
0
0
0
0
0
0
0
0
0
0
0
0
0
0
0
0
0
0
46b
2e9
1f9
1fa
488
241
241
27a
2e9
2e9
327
258
1fb
213
21c
213
489
2d7
2d7
2d7
240
344
1a2
0
0
48a
46f
470
471
472
48b
0
0
48c
48d
1db
2b2
38a
38a
38a
38a
24b
24b
24b
24b
24b
38a
38a
38a
38a
48e
48f
16
0
0
0
0
0
0
0
0
0
0
0
0
0
0
0
0
0
0
0
0
0
490
491
24b
24b
24b
24b
24b
38a
38a
24b
24b
492
493
3
0
0
0
0
0
0
0
0
0
0
0
0
3
494
495
24b
24b
24b
38a
38a
24b
24b
496
497
498
1f9
344
1cb
1cb
44f
44f
2ea
261
261
2ba
481
1fb
2ce
2d7
483
484
499
49a
3c3
0
0
0
0
0
0
0
0
0
0
0
0
0
0
0
0
0
0
0
0
0
15e
49b
49c
49d
49e
49f
4a0
4a1
21c
1fb
1ed
2d8
234
29c
258
1f0
408
408
35c
408
258
258
21d
327
3e2
3e2
2d7
278
3a2
3a2
4a2
4a3
4a4
4a5
4a6
4a7
4a8
4a9
4aa
1
4ab
4ac
14c
189
143
143
143
15b
15b
189
189
189
da
269
143
1e4
296
4ad
4ae
0
0
0
0
0
0
0
0
0
0
0
0
0
0
0
0
0
0
0
0
0
0
4af
4b0
da
270
270
270
270
1e4
143
4b1
434
4b2
4b3
0
0
0
0
0
0
0
0
0
0
0
8
4b4
4b5
4b6
4b7
270
270
270
da
270
270
15b
4b8
4b9
465
21d
4ba
21c
327
327
1a2
1fb
1fb
1fb
236
356
4bb
4bc
4bd
4be
4bf
4c0
0
0
0
0
0
0
0
0
0
0
0
0
0
0
0
0
0
0
0
0
0
0
0
4c1
49b
4c2
4c3
4c4
4c5
4c6
4c7
21d
2ea
241
2d7
4c8
2ea
29c
29c
1f0
21d
21d
327
327
327
258
58
4c9
4c9
4ca
278
4cb
2eb
4cc
4cd
3
0
0
0
4ce
4a9
4cf
0
0
4d0
197
209
2b2
2b2
2b2
24b
24b
205
205
24b
24b
24b
24b
367
367
4d1
4d2
0
0
0
0
0
0
0
0
0
0
0
0
0
0
0
0
0
0
0
0
0
4d3
4d4
201
2b2
2b2
2b2
24b
24b
2b2
2b2
4d5
4d6
4d7
0
0
0
0
0
0
0
0
0
0
4d8
4d9
4da
4db
4b5
4dc
4dd
205
205
205
2b2
2b2
24b
205
4de
4df
278
1fb
4ca
4ca
2e9
327
236
236
261
261
236
4e0
4e1
4e2
4e3
4e4
253
1
0
0
0
0
0
0
0
0
0
0
0
0
0
0
0
0
0
0
0
0
0
0
0
4e5
3
0
0
0
4e6
4e7
4e8
33f
33f
241
2d7
3e1
258
29c
29c
2bc
2bc
2ea
465
258
2bc
2bc
58
1f0
258
2bc
21c
261
261
a
2ca
0
0
0
0
4e9
4ea
4eb
0
0
4ec
12c
209
39c
39c
39c
39c
2b2
24b
24b
2b2
24b
38a
38a
38a
38a
38a
4ed
444
0
0
0
0
0
0
0
0
0
0
0
0
0
0
0
0
0
0
0
0
4ee
4ee
24b
2b2
2b2
2b2
2b2
24b
38a
38a
4ef
4f0
4f1
0
0
0
0
0
0
0
0
1
4f2
481
481
481
481
4f3
4f4
4f5
24b
2b2
2b2
38a
39c
2b2
2b2
4f6
4f7
6d
2bc
21c
21c
21c
1f9
1fb
1fb
278
4f8
4f9
4fa
4fb
4fc
2ca
0
0
0
0
0
0
0
0
0
0
0
0
0
0
0
0
0
0
0
0
0
0
0
0
0
4fd
4fe
4ff
0
0
0
500
501
502
25a
25a
3e2
3e2
503
21d
1f0
1c3
327
1f0
21d
44f
59
27a
2ea
2ea
58
1f0
2bc
21c
29c
29c
504
505
0
0
0
0
506
507
0
0
0
508
d4
22a
367
367
367
367
1ff
1ff
1de
14e
14e
2b2
2b2
2b2
2b2
2b2
509
50a
0
0
0
0
0
0
0
0
0
0
0
0
0
0
0
0
0
0
0
0
4ee
4ee
1de
1de
1de
1de
1de
1de
24b
205
4f0
4f0
0
0
0
0
0
0
0
3
50b
50c
50d
50e
4c8
50f
35c
510
511
512
1de
1de
1ff
367
367
1ff
1ff
513
514
515
2ea
213
213
1f0
2bc
2ea
58
327
516
517
518
519
4e5
0
0
0
0
0
0
0
0
0
0
0
0
0
0
0
0
0
0
0
0
0
0
0
0
0
0
51a
51b
51b
51c
0
0
51d
51e
51f
233
233
1f0
1f0
258
2bc
2bc
7e
7e
520
29f
44f
465
35c
327
44f
6d
27a
408
258
1a2
1a2
2ea
521
0
0
522
523
524
524
0
0
0
525
526
221
2b2
2b2
2b2
2b2
1ff
1ff
1ff
1de
527
528
316
2b2
2b2
24b
1ff
529
52a
0
0
0
0
0
0
0
0
0
0
0
0
0
0
0
0
0
0
0
52b
52b
1ff
1ff
1de
1de
1ff
1ff
2b2
52c
52d
52e
0
0
0
0
0
2ca
52f
530
531
242
2cd
1a2
1a2
59
59
532
533
534
1de
1ff
1ff
2b2
2b2
1de
1de
535
536
408
1c3
537
538
539
53a
53b
53c
53d
53e
53f
273
0
0
0
0
0
0
0
0
0
0
0
0
0
0
0
0
0
0
0
0
0
0
0
0
0
0
0
0
48a
540
541
542
1
1
543
544
545
33f
33f
236
278
258
1f0
546
546
547
278
29f
29f
58
258
258
1c3
258
2bc
408
1a2
29c
29c
2ea
403
548
549
54a
54b
54b
54c
0
0
0
54d
54e
155
18a
269
143
15b
da
da
dc
54f
550
550
551
189
269
270
144
14b
552
0
0
0
0
0
0
0
0
0
0
0
0
0
0
0
0
0
0
82
553
553
15b
144
270
15b
15b
15b
143
554
555
556
0
0
0
0
105
557
1f9
2e9
1f9
1a1
1a1
408
278
278
558
559
146
3d4
189
15b
15b
143
270
55a
55b
55c
6d
408
55d
55e
55e
55f
560
561
562
563
564
565
273
0
0
0
0
0
0
0
0
0
0
0
0
0
0
0
0
0
0
0
0
0
0
0
0
0
0
0
0
0
0
566
542
567
568
569
56a
56b
25a
29d
58
258
6d
44f
546
546
547
9b
56c
56c
27a
27a
7e
29f
6d
2bc
408
2ea
2ea
2ea
21c
3a2
56d
56e
56f
54b
54b
570
3c3
0
0
571
572
159
143
26f
26f
143
270
573
574
bb
0
0
4ae
575
143
143
143
1e1
1dd
576
0
0
0
0
0
0
0
0
0
0
0
0
0
0
0
0
0
577
578
578
296
15b
15b
15b
da
15b
15b
579
57a
16
0
0
57b
57c
57d
57e
1f9
258
261
1a1
1a1
408
278
35c
558
57f
26a
269
da
da
15b
15b
26a
580
581
55c
6d
1fb
582
583
584
55f
560
561
562
2ca
585
565
586
3c3
0
0
0
0
0
0
0
0
0
0
0
0
0
0
0
0
0
0
0
0
0
0
0
0
0
0
0
0
0
0
587
588
589
58a
58b
233
233
2d7
1f0
6d
6d
2ea
1f0
465
1c3
58c
383
383
408
408
29f
408
408
327
1c3
1c3
2ea
58
1f0
58d
1fb
236
58e
58f
590
591
592
593
594
595
596
26a
1de
201
205
205
225
597
0
0
0
0
0
598
599
221
1d0
1d0
200
313
59a
0
0
0
0
0
0
0
0
0
0
0
0
0
0
0
0
59b
59c
1d2
14e
1d0
1d0
225
225
1d5
1db
59d
59e
59f
5a0
5a1
5a1
5a2
5a3
5a4
5a4
5a5
3e2
241
5a6
35c
327
465
5a7
5a8
191
1d5
1d5
1d0
209
205
201
5a9
5a9
5aa
5ab
5ac
5ad
5ae
35a
5af
5b0
5b1
5b2
0
0
3c3
5b3
5b4
0
0
0
0
0
0
0
0
0
0
0
0
0
0
0
0
0
0
0
0
0
0
0
0
0
0
0
0
0
0
0
1a
5b5
58a
58b
233
233
2d7
213
2ea
2ea
2ea
1f0
465
1c3
2ea
2ea
546
2bc
2bc
465
6d
327
327
1c3
1c3
1fb
58
236
5b6
1fb
261
5b7
5b8
5b9
591
592
5ba
5bb
595
596
26a
1de
201
205
205
225
5bc
0
0
0
0
0
16
5bd
221
200
1d0
200
200
5be
0
0
0
0
0
0
0
0
0
0
0
0
0
0
0
0
18d
59c
1d2
200
1d0
1de
1ff
1ff
1d5
1db
59d
5bf
5c0
5c1
5c2
5c2
5a2
5a3
5c3
5c3
5c4
3e2
241
21a
21d
327
136
5a7
5c5
191
1d5
1de
1de
1ff
205
201
5a9
5a9
5c6
5c7
5c8
82
0
0
0
16
5c9
5ca
0
0
0
0
5cb
5cc
0
0
0
0
0
0
0
0
0
0
0
0
0
0
0
0
0
0
0
0
0
0
0
0
0
0
0
0
0
0
1
5cd
5ce
5cf
240
240
2bb
29c
1a2
261
258
408
6d
258
21d
21d
1c3
58c
278
278
27a
6d
35c
56c
258
1fb
1fb
29e
236
58
29c
21d
2ea
58
5d0
58
327
5d1
5d2
5d3
5d4
5d5
205
205
205
1d5
5d6
5d7
0
0
0
0
0
5d8
5d9
1ff
1de
201
200
5da
5db
0
0
0
0
0
0
0
0
0
0
0
0
0
0
0
5dc
1db
1db
200
1ff
1ff
1ff
1d5
312
312
5dd
5de
5df
5e0
5e1
5e1
5e2
5e3
1f9
1a1
21d
5e4
2d7
210
1fb
5e5
5e6
5e7
1d2
1d2
1d5
1de
1de
1d5
200
5e8
5e9
5ea
5eb
5ec
5ed
0
0
0
0
0
0
0
0
0
0
0
0
0
0
0
0
0
0
0
0
0
0
0
0
0
0
0
0
0
0
0
0
0
0
0
0
0
0
0
0
5ee
5ef
5f0
5f0
5f1
5f2
3e1
240
240
2bb
29c
1a2
213
1f0
408
58
21d
21d
21d
2ea
465
278
278
27a
6d
59
59
2ea
213
1fb
5f3
236
1a2
29c
21d
2ea
58
5f4
5f5
1e3
5f6
5f7
5f8
5d4
5d5
205
205
205
1d5
5f9
5fa
0
0
0
0
0
5fb
5fc
1d0
1d0
201
200
5da
5fd
5fe
0
0
0
0
0
0
0
0
0
0
0
0
0
0
5ff
1db
1db
200
1ff
1ff
1ff
1d5
245
245
600
601
602
5e0
5e1
5e1
5e2
603
261
261
1f9
604
605
606
1fb
607
607
5e7
1d2
1d2
1d5
1de
221
1d5
200
5e8
5e9
5ea
608
609
3
0
0
0
0
0
0
0
0
0
0
0
0
0
0
0
0
0
0
0
0
0
0
0
0
0
0
0
0
0
0
0
0
0
0
0
0
0
0
0
0
60a
60b
60c
60d
60e
60f
610
611
612
613
46d
2ce
241
29c
1a2
1f0
1f0
7e
7e
546
465
465
29f
56c
44f
44f
258
2ea
2ea
29c
614
236
1cb
2e9
2e9
615
616
617
618
618
619
61a
61b
61c
61d
24b
24b
24b
14e
61e
61f
0
0
0
0
0
165
620
621
1d4
24b
24b
1d0
622
623
2e2
0
0
0
0
0
0
0
0
0
0
0
0
0
624
225
200
200
1ff
1ff
1de
1de
625
625
626
533
627
628
629
62a
62b
62c
2b8
2d7
2d7
233
62d
62e
21d
62f
62f
630
1d0
225
1de
1de
1d4
1d4
200
631
632
0
0
0
0
0
0
0
0
0
0
0
0
0
0
0
0
0
0
0
0
0
0
0
0
0
0
0
0
0
0
0
0
0
0
0
0
0
0
0
0
0
0
0
0
633
634
635
636
0
0
637
638
639
63a
21a
2d7
233
29c
29c
29c
327
7e
7e
7e
6d
44f
44f
520
408
1a2
21d
258
21d
21d
546
29c
63b
409
21d
213
408
63c
63d
63d
63e
63f
640
641
642
221
221
1de
221
643
643
644
645
645
646
647
648
649
64a
64b
209
209
1ff
1de
1de
64c
64d
0
0
0
0
0
0
0
0
0
0
0
0
64e
1db
1db
225
221
221
1d5
221
64f
64f
650
651
27a
2ea
59
35c
652
5aa
25a
233
2d7
653
21d
258
654
655
655
1d9
22a
22b
3ce
1e5
656
657
658
659
0
0
0
0
0
0
0
0
0
0
0
0
0
0
0
0
0
0
0
0
0
0
0
0
0
0
0
0
0
0
0
0
0
0
0
0
0
0
0
0
0
0
0
0
0
633
634
635
4b3
0
0
65a
638
639
63a
21a
2d7
210
1a2
261
1fb
27a
29f
7e
7e
6d
44f
44f
520
27a
1a2
21d
258
21d
21d
27a
29c
63b
409
213
408
408
63c
63d
63d
63e
63f
640
65b
642
221
221
1de
221
643
643
65c
65d
65d
65e
65f
660
649
64a
64b
661
209
1ff
1de
1de
64c
662
3
0
0
0
0
0
0
0
0
0
0
0
663
1db
1db
225
221
221
1d5
221
64f
64f
650
651
27a
2ea
59
35c
652
664
1ed
233
2d7
653
21d
258
654
655
655
1d9
22a
22b
3ce
1e5
656
657
658
665
0
0
0
0
0
0
0
0
0
0
0
0
0
0
0
0
0
0
0
0
0
0
0
0
0
0
0
0
0
0
0
0
0
0
0
0
0
0
0
0
0
0
0
0
0
0
0
0
0
0
666
667
668
668
669
2d7
33f
33f
66a
1fb
1fb
58
1c3
44f
44f
27a
58
1f0
1f0
27a
27a
258
35c
6d
258
258
29c
29c
1fb
1c3
327
58
66b
66c
66d
66e
66f
670
671
672
209
14e
14e
1d5
673
674
675
676
677
678
408
27a
6d
679
67a
67a
22a
1d4
1d4
14e
32d
67b
67c
e
0
0
0
0
0
0
67d
67e
67f
67f
680
1e1
1e1
1dd
221
1dd
221
225
681
682
683
684
685
408
465
408
27a
1c3
408
3e2
30d
261
686
687
688
689
68a
1d0
1d5
1db
18b
68b
68c
68c
68d
3
0
0
0
0
0
0
0
0
0
0
0
0
0
0
0
0
0
0
0
0
0
0
0
0
0
0
0
0
0
0
0
0
0
0
0
0
0
0
0
0
0
0
0
0
0
0
0
0
0
0
0
0
68e
68f
690
35c
691
25a
3eb
692
692
1c3
1f0
1f0
1cb
2bc
58
58
258
29f
465
6d
7e
56c
43b
327
44f
44f
27a
1c3
56c
520
35c
258
693
694
695
1d0
1ff
201
201
14e
14e
1ff
696
696
697
698
59
21c
213
29c
1fb
699
69a
69a
69b
1d4
209
14e
14e
1de
1de
69c
c7
0
79
0
0
13b
1dc
69d
69e
69f
6a0
6a1
6a1
14e
14e
1de
200
200
6a2
6a2
6a3
6a4
408
21d
546
408
278
44f
6d
6d
547
6a5
6a6
6a6
6a7
209
1d4
1d0
1d5
1d4
18b
6a8
6a9
6a9
6aa
0
0
0
0
0
0
0
0
0
0
0
0
0
0
0
0
0
0
0
0
0
0
0
0
0
0
0
0
0
0
0
0
0
0
0
0
0
0
0
0
0
0
0
0
0
0
0
0
0
0
0
0
0
6ab
6ac
6ad
35c
6ae
25a
3eb
692
692
503
1c3
2ea
1fb
2bc
58
58
258
29f
35c
408
7e
27a
27a
327
2bc
258
258
258
56c
27a
27a
6af
6b0
6b1
6b2
da
1ff
225
201
200
1dd
1ff
696
2b3
6b3
698
59
408
261
261
29c
6b4
6b5
6b5
6b6
221
221
22a
22b
1de
1de
6b7
6b8
6b9
6ba
6bb
68
6bc
18a
42a
42a
6bd
6be
6bf
581
1e4
1e4
14b
296
1e4
6c0
6c1
6c2
6c3
408
21d
35c
278
278
44f
6d
6d
44f
6a5
6c4
6c4
6c5
1e1
14d
1d1
18f
209
26a
6c6
6c7
6c8
6c9
0
0
0
0
0
0
0
0
0
0
0
0
0
0
0
0
0
0
0
0
0
0
0
0
0
0
0
0
0
0
0
0
0
0
0
0
0
0
0
0
0
0
0
0
0
0
0
0
0
0
0
0
0
0
6ca
6cb
6cc
6cd
6ce
6cf
6d0
2d0
6d1
6d2
212
212
4ca
1ed
1fa
1cb
408
6d
408
1f0
2bc
2bc
35c
408
258
258
35c
6d
27a
27a
6d3
6d4
6d5
6d6
da
22a
225
1d0
221
1dd
1dc
1dd
1dc
6d7
6d8
6d9
408
408
35c
29c
6d
408
6da
6db
6dc
221
22a
22b
22b
22b
14d
6dd
6de
6df
6e0
6e1
6e2
18a
198
198
198
6e3
6e4
6e5
1e4
1e4
14b
296
1e4
6e6
6e7
6e8
6e9
408
27a
35c
35c
27a
408
278
6ea
6eb
6ec
6ed
6ed
269
1e1
14d
1d1
18f
6ee
6ef
6f0
6f1
6f2
0
0
0
0
0
0
0
0
0
0
0
0
0
0
0
0
0
0
0
0
0
0
0
0
0
0
0
0
0
0
0
0
0
0
0
0
0
0
0
0
0
0
0
0
0
0
0
0
0
0
0
0
0
0
0
1
6f3
6f4
6f5
6f6
6f7
6f8
6f9
6fa
2a5
6fb
6fc
6fd
29d
29d
3e2
3a2
1f7
2e9
261
1fb
2e9
21c
213
1fb
236
21c
6d
1c3
1c3
6fe
6ff
700
701
702
6c3
703
704
705
705
63
73
703
706
707
708
546
327
327
43b
6d
278
261
709
70a
651
10e
178
704
6e
80
80
63
d2
70b
70c
70d
70e
110
70f
70f
6c
710
710
711
57
8a
8a
712
62
713
714
715
716
685
261
2ea
1f0
2bc
717
718
719
71a
e6
e6
d1
705
71b
65
71c
71d
71e
71f
720
0
0
0
0
0
0
0
0
0
0
0
0
0
0
0
0
0
0
0
0
0
0
0
0
0
0
0
0
0
0
0
0
0
0
0
0
0
0
0
0
0
0
0
0
0
0
0
0
0
0
0
0
0
0
0
0
721
722
723
724
725
2ca
2ca
6f9
726
727
727
6fc
728
233
233
729
402
21a
21a
1a2
1a2
236
1fb
1fb
1fb
408
1c3
278
258
258
72a
72b
72c
72d
159
72e
e6
159
10e
10e
72f
17a
116
730
731
731
732
278
278
35c
56c
7e
29f
709
733
115
115
12c
72e
72e
734
735
736
10e
737
738
739
16d
179
73a
73a
73b
73c
73c
73d
10c
73e
73f
73f
73b
89
740
741
716
742
2ea
2ea
258
2bc
743
744
745
746
16c
16c
747
e7
156
f5
748
749
74a
74b
0
0
0
0
0
0
0
0
0
0
0
0
0
0
0
0
0
0
0
0
0
0
0
0
0
0
0
0
0
0
0
0
0
0
0
0
0
0
0
0
0
0
0
0
0
0
0
0
0
0
0
0
0
0
0
0
f
74c
74d
0
0
0
0
0
74e
74f
750
751
752
753
754
755
756
757
21a
46d
29d
382
758
4cb
1fb
1fb
258
1a2
21d
1f0
2bc
408
6d
759
75a
75b
156
159
16d
f9
75c
d1
75d
64
138
75e
75e
75f
27a
278
6d
6d
278
327
44f
760
761
762
71c
72e
72e
763
764
712
80
765
766
767
10c
4b9
4b9
768
40
769
76a
76b
10c
d1
705
137
76c
76d
734
76e
76f
770
771
772
773
774
775
776
777
747
10d
778
73e
779
d3
77a
77b
77c
77c
3c3
0
0
0
0
0
0
0
0
0
0
0
0
0
0
0
0
0
0
0
0
0
0
0
0
0
0
0
0
0
0
0
0
0
0
0
0
0
0
0
0
0
0
0
0
0
0
0
0
0
0
0
0
0
0
0
0
77d
77e
3
0
0
0
0
0
77f
780
781
782
782
753
783
755
756
757
21a
2d7
233
2d8
25a
784
236
1a2
258
1c3
278
327
6d
44f
520
785
786
787
145
101
159
159
788
651
789
78a
157
78b
78c
78d
327
2bc
59
35c
327
327
56c
78e
78f
790
1b4
1b7
1b7
734
791
791
705
792
793
794
71c
795
62
7d
bf
796
797
798
799
113
113
788
788
79a
135
79b
79c
79d
79e
79f
7a0
7a1
7a2
7a3
7a3
e6
10e
10e
736
d3
d3
7a4
7a5
7a6
7a7
0
0
0
0
0
0
0
0
0
0
0
0
0
0
0
0
0
0
0
0
0
0
0
0
0
0
0
0
0
0
0
0
0
0
0
0
0
0
0
0
0
0
0
0
0
0
0
0
0
0
0
0
0
0
0
0
0
0
0
0
0
0
0
0
0
0
7a8
7a9
7aa
7ab
2ca
7ac
7ac
7ad
7ae
7af
7b0
1a2
402
402
29d
1fb
1a2
1c3
278
1a2
1a2
59
6d
278
258
7b1
7b2
7b3
7b4
145
1ae
704
137
137
795
71c
7b5
7b6
7b7
59
1c3
1c3
35c
35c
59
408
258
7b8
7b9
7ba
153
154
114
7c
7c
7bb
7bc
7bd
7be
7bf
10d
7c0
732
732
1b4
1b4
7c1
2ae
72e
72e
7c2
76c
76c
9c
113
138
89
155
145
1b4
15a
db
d4
791
6b
6b
72e
8e
7c3
7c4
7c5
7c6
3
0
0
0
0
0
0
0
0
0
0
0
0
0
0
0
0
0
0
0
0
0
0
0
0
0
0
0
0
0
0
0
0
0
0
0
0
0
0
0
0
0
0
0
0
0
0
0
0
0
0
0
0
0
0
0
0
0
0
0
0
0
0
0
0
0
0
0
7c7
7a9
7a9
7c8
0
0
0
3
7ae
7c9
7c9
21c
402
402
307
1f9
21c
2bc
278
1a2
278
408
6d
6d
27a
1a2
7ca
7cb
7cc
157
10a
704
358
358
795
6c3
7cd
7cd
7b7
59
1c3
2bc
35c
35c
59
278
278
7b8
7b9
7ce
f5
f5
7cf
63
63
795
7d0
7d1
7d2
7bf
10d
7c0
6af
7d3
102
102
7d4
2ae
72e
72e
7c2
76c
76c
358
358
138
116
155
145
1b4
146
159
159
791
6b
6b
72e
8e
7d5
7d6
7d7
0
0
0
0
0
0
0
0
0
0
0
0
0
0
0
0
0
0
0
0
0
0
0
0
0
0
0
0
0
0
0
0
0
0
0
0
0
0
0
0
0
0
0
0
0
0
0
0
0
0
0
0
0
0
0
0
0
0
0
0
0
0
0
0
0
0
0
0
0
0
7d8
7d9
0
0
0
0
0
4a5
7da
7db
7dc
7dd
3e1
241
58
21c
2e9
27a
44f
408
408
6d
6d
261
1fb
213
7de
7df
7e0
7e0
8e
98
98
6d
35c
7e1
7e1
7e2
423
59
408
1fb
1fb
29c
21d
261
236
7e3
7e4
246
246
17a
57
57
3d
7e5
7e6
7e7
7e8
7e9
7ea
7eb
7ec
7ed
7ed
7ee
7ef
7f0
7f1
10a
d0
7f2
651
bf
278
278
258
58
58
278
2bc
c1
9c
178
7f3
7f4
7f5
7f6
7f7
5cc
0
0
0
0
0
0
0
0
0
0
0
0
0
0
0
0
0
0
0
0
0
0
0
0
0
0
0
0
0
0
0
0
0
0
0
0
0
0
0
0
0
0
0
0
0
0
0
0
0
0
0
0
0
0
0
0
0
0
0
0
0
0
0
0
0
0
0
0
0
0
0
0
0
0
0
0
0
0
7f8
7f9
7fa
7fb
7fc
7fd
7fe
408
1f0
1f0
213
213
21d
1a2
21d
6b4
1c3
261
7ff
800
801
802
803
eb
804
423
43b
112
805
806
56c
327
327
2ea
29c
29c
59
29f
520
807
808
809
80a
3f8
80b
80c
80d
80e
80f
810
811
812
813
814
815
816
817
818
819
81a
81b
81c
81d
81e
81f
14c
146
820
821
71b
23
3e
822
823
824
825
826
826
827
828
35a
0
0
0
0
0
0
0
0
0
0
0
0
0
0
0
0
0
0
0
0
0
0
0
0
0
0
0
0
0
0
0
0
0
0
0
0
0
0
0
0
0
0
0
0
0
0
0
0
0
0
0
0
0
0
0
0
0
0
0
0
0
0
0
0
0
0
0
0
0
0
0
0
0
0
0
0
0
0
0
829
82a
82b
82c
82d
82e
82f
830
465
58
1a2
1a2
21c
1fa
236
831
213
2ea
832
832
833
833
834
137
835
836
837
734
734
838
732
1f0
21c
21d
7f
e9
839
f8
83a
83b
83c
83d
83d
83e
76
133
133
83f
840
840
841
842
842
843
0
0
0
844
845
846
847
848
849
84a
84b
822
822
3d
6b
98
734
112
56
799
84c
84d
84e
84f
850
1
0
0
0
0
0
0
0
0
0
0
0
0
0
0
0
0
0
0
0
0
0
0
0
0
0
0
0
0
0
0
0
0
0
0
0
0
0
0
0
0
0
0
0
0
0
0
0
0
0
0
0
0
0
0
0
0
0
0
0
0
0
0
0
0
0
0
0
0
0
0
0
0
0
0
0
0
0
0
0
0
851
851
852
853
854
855
856
857
858
29c
4c8
3a0
212
1ed
2b8
213
213
4cb
21c
236
327
859
85a
85b
80d
80d
3d4
85c
85d
85e
85f
860
861
862
863
864
865
866
867
868
869
86a
86b
86c
86d
86e
86f
870
871
872
873
0
0
0
0
0
0
874
875
876
877
878
879
87a
87b
87c
87c
87d
87e
87f
880
881
882
883
884
885
886
887
888
0
0
0
0
0
0
0
0
0
0
0
0
0
0
0
0
0
0
0
0
0
0
0
0
0
0
0
0
0
0
0
0
0
0
0
0
0
0
0
0
0
0
0
0
0
0
0
0
0
0
0
0
0
0
0
0
0
0
0
0
0
0
0
0
0
0
0
0
0
0
0
0
0
0
0
0
0
0
0
0
0
889
88a
3
0
0
0
0
88b
88c
8a
88d
88e
88f
890
891
8b
465
211
21c
236
327
892
85a
893
103
894
157
80b
85d
895
896
897
898
899
89a
89b
89b
64d
3
0
0
89c
89d
86c
89e
89f
8a0
8a1
8a2
8a3
3
0
0
0
0
0
0
0
0
1
566
8a4
879
87a
87b
87c
87c
8a5
8a6
8a7
8a8
881
882
883
883
8a9
43d
0
0
0
0
0
0
0
0
0
0
0
0
0
0
0
0
0
0
0
0
0
0
0
0
0
0
0
0
0
0
0
0
0
0
0
0
0
0
0
0
0
0
0
0
0
0
0
0
0
0
0
0
0
0
0
0
0
0
0
0
0
0
0
0
0
0
0
0
0
0
0
0
0
0
0
0
0
0
0
0
0
0
0
0
0
0
0
0
0
0
0
0
8aa
8ab
8ac
8ad
8ae
8ae
8af
8b0
c1
8b1
6d
59
99
8b2
8b3
8b4
8b5
8b6
8b7
8b8
8b9
1
0
0
0
0
0
0
0
0
0
0
0
0
3d2
8ba
8bb
8bc
8bd
8be
f
0
0
0
0
0
0
0
0
0
0
0
0
0
5cc
8bf
8c0
8c1
8c2
8c3
8c4
8c4
8c5
8c6
0
0
0
0
0
0
0
0
0
0
0
0
0
0
0
0
0
0
0
0
0
0
0
0
0
0
0
0
0
0
0
0
0
0
0
0
0
0
0
0
0
0
0
0
0
0
0
0
0
0
0
0
0
0
0
0
0
0
0
0
0
0
0
0
0
0
0
0
0
0
0
0
0
0
0
0
0
0
0
0
0
0
0
0
0
0
0
0
0
0
0
0
0
0
0
0
0
8c7
8c8
8c9
8ca
8ca
8cb
8cc
56
71b
eb
112
99
8cd
8ce
8cf
8d0
8d1
8d2
8d3
8b9
0
0
0
0
0
0
0
0
0
0
0
0
0
0
8d4
8d5
8d6
8d7
8d8
0
0
0
0
0
0
0
0
0
0
0
0
0
0
0
8d9
8da
8db
8dc
8dc
8dd
8dd
577
0
0
0
0
0
0
0
0
0
0
0
0
0
0
0
0
0
0
0
0
0
0
0
0
0
0
0
0
0
0
0
0
0
0
0
0
0
0
0
0
0
0
0
0
0
0
0
0
0
0
0
0
0
0
0
0
0
0
0
0
0
0
0
0
0
0
0
0
0
0
0
0
0
0
0
0
0
0
0
0
0
0
0
0
0
0
0
0
0
0
0
0
0
0
0
0
0
0
0
0
0
8de
4e5
5cc
8df
8e0
8e1
8e2
8e3
8e4
8e5
8e6
8e7
8e8
8e9
8ea
8eb
8ec
0
0
0
0
0
0
0
0
0
0
0
0
0
0
0
0
0
0
0
0
0
0
0
0
0
0
0
0
0
0
0
0
0
0
0
0
0
0
0
0
0
0
0
0
0
0
0
0
0
0
0
0
0
0
0
0
0
0
0
0
0
0
0
0
0
0
0
0
0
0
0
0
0
0
0
0
0
0
0
0
0
0
0
0
0
0
0
0
0
0
0
0
0
0
0
0
0
0
0
0
0
0
0
0
0
0
0
0
0
0
0
0
0
0
0
0
0
0
0
0
0
0
0
0
0
0
0
0
0
0
0
0
0
0
0
0
0
0
0
0
0
0
0
0
0
0
3c3
4a5
0
0
0
0
48a
8ed
8ee
8ee
8ef
8f0
8f1
8f2
0
0
0
0
0
0
0
0
0
0
0
0
0
0
0
0
0
0
0
0
0
0
0
0
0
0
0
0
0
0
0
0
0
0
0
0
0
0
0
0
0
0
0
0
0
0
0
0
0
0
0
0
0
0
0
0
0
0
0
0
0
0
0
0
0
0
0
0
0
0
0
0
0
0
0
0
0
0
0
0
0
0
0
0
0
0
0
0
0
0
0
0
0
0
0
0
0
0
0
0
0
0
0
0
0
0
0
0
0
0
0
0
0
0
0
0
0
0
0
0
0
0
0
0
0
0
0
0
0
0
0
0
0
0
0
0
0
0
0
0
0
0
0
0
0
0
0
0
0
0
0
0
0
0
8f3
8f4
8f5
8f6
3
0
0
0
0
0
0
0
0
0
0
0
0
0
0
0
0
0
0
0
0
0
0
0
0
0
0
0
0
0
0
0
0
0
0
0
0
0
0
0
0
0
0
0
0
0
0
0
0
0
0
0
0
0
0
0
0
0
0
0
0
0
0
0
0
0
0
0
0
0
0
0
0
0
0
0
0
0
0
0
0
0
0
0
0
0
0
0
0
0
0
0
0
0
0
0
0
0
0
0
0
0
0
0
0
0